start=54.087367
pause=yes
fullscreen=yes
panscan=1.000000
sub-pos=78
